1111111111111111100000000001
111111111111111110000000001111
111111111111111110000000010111
1111111111111111100000000111
111111111111111110000000100100
11111111111111111000000010110
1111111111111111100000001101010
1111111111111111100000001111000
00000000000000001010000001100001
00000000000000001010010001000000
00000000000000001010100011100101
00000000000000001010110011000100
00000000000000011011000000100000
00000000000000011011010010100100
00000000000000010011100000000100
1111111111111111100001
11111111111111111111111111100000
